id;age;sex;education
123;24;Muž;Stredná škola - výučný list
questionaire 1
1;2;2;3;3;4;2;1;2;2;1;1;3;4;2;5;2;4;3;4;
questionaire 2
1;2;2;3;3;4;2;1;2;2;1;1;3;4;2;5;2;4;3;4;
joy;fear;disgust;sadness;anger;surprise;contempt;valence;engagement;affectivaAgeGroup;affectivaGender;Valence;Believability;Timestamp;TimeToReact
NaN;NaN;NaN;NaN;NaN;NaN;NaN;NaN;NaN;NaN;NaN;;106
0.00182045;0.00374247;0.342487;0.0286296;0.00291736;0.19649;0.192945;0;0.157415;35-44;male;;127
0.00182045;0.00374247;0.342487;0.0286296;0.00291736;0.19649;0.192945;0;0.157415;35-44;male;;146
0.0018211;0.00375604;0.316456;0.0275829;0.00330303;0.196649;0.192926;0;0.153782;35-44;male;;167
0.0018211;0.00375604;0.316456;0.0275829;0.00330303;0.196649;0.192926;0;0.153782;35-44;male;;186
0.00181992;0.00384165;0.311136;0.0266705;0.0033652;0.196155;0.192961;0;0.141711;35-44;male;;206
0.00181992;0.00384165;0.311136;0.0266705;0.0033652;0.196155;0.192961;0;0.141711;35-44;male;;227
0.00181892;0.00383226;0.314795;0.0267948;0.00326183;0.196489;0.192992;0;0.141518;35-44;male;;246
0.00181892;0.00383226;0.314795;0.0267948;0.00326183;0.196489;0.192992;0;0.141518;35-44;male;;266
0.00181604;0.00385438;0.29653;0.0262835;0.00371101;0.195612;0.19308;0;0.141563;35-44;male;;286
0.00181604;0.00385438;0.29653;0.0262835;0.00371101;0.195612;0.19308;0;0.141563;35-44;male;;307
0.00181332;0.00382634;0.271716;0.025882;0.0042394;0.195212;0.193163;0;0.15373;35-44;male;;326
0.00181332;0.00382634;0.271716;0.025882;0.0042394;0.195212;0.193163;0;0.15373;35-44;male;;346
0.00181508;0.00383706;0.281878;0.025991;0.00384422;0.1956;0.193109;0;0.145579;35-44;male;;367
0.00181508;0.00383706;0.281878;0.025991;0.00384422;0.1956;0.193109;0;0.145579;35-44;male;;386
0.00181275;0.00381422;0.301896;0.0267907;0.0034577;0.195732;0.19318;0;0.14637;35-44;male;;406
0.00181275;0.00381422;0.301896;0.0267907;0.0034577;0.195732;0.19318;0;0.14637;35-44;male;;426
0.00180792;0.00371163;0.316096;0.0280356;0.00317499;0.196505;0.193329;0;0.158548;35-44;male;;446
0.00180792;0.00371163;0.316096;0.0280356;0.00317499;0.196505;0.193329;0;0.158548;35-44;male;;467
0.00180648;0.00367316;0.285249;0.0275599;0.00356999;0.196351;0.193373;0;0.166434;35-44;male;;486
0.00180648;0.00367316;0.285249;0.0275599;0.00356999;0.196351;0.193373;0;0.166434;35-44;male;;513
0.00180572;0.00362367;0.266546;0.0274188;0.00374687;0.196739;0.193398;0;0.174382;35-44;male;;526
0.00180572;0.00362367;0.266546;0.0274188;0.00374687;0.196739;0.193398;0;0.174382;35-44;male;;546
0.0018043;0.00359334;0.264272;0.0277816;0.00372341;0.196413;0.193441;0;0.182356;35-44;male;;566
0.0018043;0.00359334;0.264272;0.0277816;0.00372341;0.196413;0.193441;0;0.182356;35-44;male;;614
0.00179991;0.00356655;0.271361;0.0284885;0.00344091;0.196459;0.193577;0;0.188457;35-44;male;;614
0.00179991;0.00356655;0.271361;0.0284885;0.00344091;0.196459;0.193577;0;0.188457;35-44;male;;646
0.00179711;0.00354248;0.289846;0.0291738;0.00313619;0.197091;0.193665;0;0.188727;35-44;male;;646
0.00179711;0.00354248;0.289846;0.0291738;0.00313619;0.197091;0.193665;0;0.188727;35-44;male;;713
0.00179589;0.00354141;0.319887;0.0302829;0.00275748;0.197648;0.193703;0;0.187895;35-44;male;;713
0.00179589;0.00354141;0.319887;0.0302829;0.00275748;0.197648;0.193703;0;0.187895;35-44;male;;745
0.00179998;0.00350927;0.311881;0.0300259;0.00279883;0.199245;0.193574;0;0.187291;35-44;male;;754
0.00179998;0.00350927;0.311881;0.0300259;0.00279883;0.199245;0.193574;0;0.187291;35-44;male;;813
0.00180115;0.00356934;0.32842;0.0300887;0.00264336;0.198989;0.193535;0;0.177981;35-44;male;;813
0.00180115;0.00356934;0.32842;0.0300887;0.00264336;0.198989;0.193535;0;0.177981;35-44;male;;846
0.00180084;0.00362673;0.341794;0.0299416;0.00253902;0.198442;0.19355;0;0.169486;35-44;male;;853
0.00180084;0.00362673;0.341794;0.0299416;0.00253902;0.198442;0.19355;0;0.169486;35-44;male;;913
0.00179267;0.00370915;0.350608;0.0298191;0.00249663;0.19742;0.193826;0;0.160437;35-44;male;;913
0.00179267;0.00370915;0.350608;0.0298191;0.00249663;0.19742;0.193826;0;0.160437;35-44;male;;985
0.00176248;0.00380531;0.383567;0.0313677;0.00236432;0.193056;0.194789;0;0.163481;35-44;male;;985
0.00176248;0.00380531;0.383567;0.0313677;0.00236432;0.193056;0.194789;0;0.163481;35-44;male;;1013
0.00173232;0.00387412;0.39383;0.0320793;0.00240241;0.188593;0.195745;0;0.167335;35-44;male;;1026
0.00173232;0.00387412;0.39383;0.0320793;0.00240241;0.188593;0.195745;0;0.167335;35-44;male;;1081
0.00167087;0.00397412;0.393649;0.0337377;0.00247268;0.18222;0.197801;0;0.174369;35-44;male;;1081
0.00167087;0.00397412;0.393649;0.0337377;0.00247268;0.18222;0.197801;0;0.174369;35-44;male;;1114
0.00156441;0.00412339;0.398371;0.0368232;0.00266518;0.171208;0.201569;0;0.188697;35-44;male;;1114
0.00156441;0.00412339;0.398371;0.0368232;0.00266518;0.171208;0.201569;0;0.188697;35-44;male;;1182
0.0013085;0.00466503;0.406373;0.0437689;0.00332191;0.145148;0.21214;0;0.203434;35-44;male;;1182
0.0013085;0.00466503;0.406373;0.0437689;0.00332191;0.145148;0.21214;0;0.203434;35-44;male;;1215
0.00109888;0.00531254;0.410454;0.0503151;0.00421999;0.123305;0.223048;0;0.209204;35-44;male;;1222
0.00109888;0.00531254;0.410454;0.0503151;0.00421999;0.123305;0.223048;0;0.209204;35-44;male;;1247
0.000963474;0.005858;0.418887;0.0561984;0.00506388;0.109321;0.231739;0;0.21531;35-44;male;;1262
0.000963474;0.005858;0.418887;0.0561984;0.00506388;0.109321;0.231739;0;0.21531;35-44;male;;1314
0.000442082;0.00895834;0.441281;0.133113;0.0140758;0.0535272;0.289731;0;0.506785;35-44;male;;1314
0.000442082;0.00895834;0.441281;0.133113;0.0140758;0.0535272;0.289731;0;0.506785;35-44;male;;1382
0.000228074;0.0126619;0.526573;0.282969;0.0347757;0.0291662;0.349901;-2.34153;1.20913;35-44;male;;1382
0.000228074;0.0126619;0.526573;0.282969;0.0347757;0.0291662;0.349901;-2.34153;1.20913;35-44;male;;1414
7.9577e-05;0.0218603;0.627944;0.92032;0.128395;0.0110979;0.472772;-8.41153;3.47077;35-44;male;;1423
7.9577e-05;0.0218603;0.627944;0.92032;0.128395;0.0110979;0.472772;-8.41153;3.47077;35-44;male;;1481
2.17878e-05;0.042697;1.06421;3.83032;0.607159;0.00337116;0.684049;-16.8355;10.735;35-44;male;;1482
2.17878e-05;0.042697;1.06421;3.83032;0.607159;0.00337116;0.684049;-16.8355;10.735;35-44;male;;1515
7.52106e-06;0.0736965;1.46833;11.8086;2.26041;0.00127051;0.925137;-24.0391;26.8946;35-44;male;;1515
7.52106e-06;0.0736965;1.46833;11.8086;2.26041;0.00127051;0.925137;-24.0391;26.8946;35-44;male;;1549
4.32227e-06;0.0982627;1.13942;20.0561;4.4054;0.000765938;1.08473;-24.722;39.1655;35-44;male;;1550
4.32227e-06;0.0982627;1.13942;20.0561;4.4054;0.000765938;1.08473;-24.722;39.1655;35-44;male;;1581
3.90641e-06;0.104042;0.748099;21.9405;5.05183;0.000700822;1.11831;-22.3036;42.0807;35-44;male;;1583
3.90641e-06;0.104042;0.748099;21.9405;5.05183;0.000700822;1.11831;-22.3036;42.0807;35-44;male;;1645
3.28031e-06;0.114223;0.752696;25.3732;6.27821;0.000596296;1.17541;-22.8773;46.9297;35-44;male;;1645
3.28031e-06;0.114223;0.752696;25.3732;6.27821;0.000596296;1.17541;-22.8773;46.9297;35-44;male;;1716
3.09505e-06;0.117674;0.554207;26.5912;6.71604;0.000564639;1.19457;-21.1502;48.3901;35-44;male;;1716
3.09505e-06;0.117674;0.554207;26.5912;6.71604;0.000564639;1.19457;-21.1502;48.3901;35-44;male;;1745
2.91499e-06;0.120916;0.486532;28.0034;7.06143;0.000531923;1.21204;-20.642;48.9392;35-44;male;;1757
2.91499e-06;0.120916;0.486532;28.0034;7.06143;0.000531923;1.21204;-20.642;48.9392;35-44;male;;1813
2.84235e-06;0.122138;0.445797;28.6245;7.19129;0.000518792;1.21945;-20.3036;49.9309;35-44;male;;1813
2.84235e-06;0.122138;0.445797;28.6245;7.19129;0.000518792;1.21945;-20.3036;49.9309;35-44;male;;1881
2.78938e-06;0.122816;0.429232;29.1275;7.26745;0.000508326;1.22391;-20.1548;50.6385;35-44;male;;1881
2.78938e-06;0.122816;0.429232;29.1275;7.26745;0.000508326;1.22391;-20.1548;50.6385;35-44;male;;1914
2.84173e-06;0.12154;0.426824;28.7127;7.09619;0.00051679;1.21706;-20.016;50.1011;35-44;male;;1922
2.84173e-06;0.12154;0.426824;28.7127;7.09619;0.00051679;1.21706;-20.016;50.1011;35-44;male;;1985
2.83419e-06;0.12147;0.422828;28.8013;7.13754;0.000515298;1.21737;-20.0677;50.7641;35-44;male;;1985
2.83419e-06;0.12147;0.422828;28.8013;7.13754;0.000515298;1.21737;-20.0677;50.7641;35-44;male;;2014
2.92834e-06;0.119435;0.410102;27.9325;7.14139;0.000531221;1.20589;-20.2967;49.4748;35-44;male;;2026
2.92834e-06;0.119435;0.410102;27.9325;7.14139;0.000531221;1.20589;-20.2967;49.4748;35-44;male;;2081
3.04581e-06;0.11703;0.395633;26.8412;7.10323;0.000551098;1.19243;-20.4495;48.7317;35-44;male;;2082
3.04581e-06;0.11703;0.395633;26.8412;7.10323;0.000551098;1.19243;-20.4495;48.7317;35-44;male;;2114
3.26794e-06;0.112687;0.365597;24.7302;7.21006;0.000587293;1.16885;-20.8795;49.6782;35-44;male;;2114
3.26794e-06;0.112687;0.365597;24.7302;7.21006;0.000587293;1.16885;-20.8795;49.6782;35-44;male;;2181
3.58753e-06;0.107506;0.346187;22.5091;6.82718;0.00064027;1.13837;-20.8463;49.1261;35-44;male;;2181
3.58753e-06;0.107506;0.346187;22.5091;6.82718;0.00064027;1.13837;-20.8463;49.1261;35-44;male;;2214
4.66084e-06;0.0938667;0.35133;17.8253;4.92517;0.000813825;1.05701;-19.4708;41.5264;35-44;male;;2222
4.66084e-06;0.0938667;0.35133;17.8253;4.92517;0.000813825;1.05701;-19.4708;41.5264;35-44;male;;2281
6.53583e-06;0.0782463;0.33998;12.8653;3.30004;0.00111023;0.960367;-18.1456;33.9995;35-44;male;;2281
6.53583e-06;0.0782463;0.33998;12.8653;3.30004;0.00111023;0.960367;-18.1456;33.9995;35-44;male;;2314
8.08214e-06;0.0701434;0.359054;10.549;2.40352;0.00134834;0.9042;-16.6695;27.3883;35-44;male;;2314
8.08214e-06;0.0701434;0.359054;10.549;2.40352;0.00134834;0.9042;-16.6695;27.3883;35-44;male;;2381
2.21378e-05;0.0417613;0.364852;3.64179;0.656277;0.00339985;0.679036;-11.3901;10.9285;35-44;male;;2381
2.21378e-05;0.0417613;0.364852;3.64179;0.656277;0.00339985;0.679036;-11.3901;10.9285;35-44;male;;2449
8.62716e-05;0.02083;0.367977;0.794438;0.117229;0.0118305;0.460916;-4.43956;2.67361;35-44;male;;2449
8.62716e-05;0.02083;0.367977;0.794438;0.117229;0.0118305;0.460916;-4.43956;2.67361;35-44;male;;2482
0.000358708;0.010019;0.384857;0.160091;0.0184464;0.0436593;0.306913;0;0.542001;35-44;male;;2490
0.000358708;0.010019;0.384857;0.160091;0.0184464;0.0436593;0.306913;0;0.542001;35-44;male;;2549
0.000681985;0.00720178;0.403109;0.0782625;0.00780412;0.0785947;0.255452;0;0.273329;35-44;male;;2549
0.000681985;0.00720178;0.403109;0.0782625;0.00780412;0.0785947;0.255452;0;0.273329;35-44;male;;2581
0.000886333;0.00632123;0.411613;0.0580539;0.00542763;0.0998655;0.237025;0;0.202907;35-44;male;;2581
0.000886333;0.00632123;0.411613;0.0580539;0.00542763;0.0998655;0.237025;0;0.202907;35-44;male;;2649
0.000889431;0.00629643;0.421589;0.0584724;0.00525111;0.100193;0.236804;0;0.20441;35-44;male;;2649
0.000889431;0.00629643;0.421589;0.0584724;0.00525111;0.100193;0.236804;0;0.20441;35-44;male;;2681
0.000820718;0.00655198;0.424634;0.0643116;0.00577538;0.0930949;0.242327;0;0.224324;35-44;male;;2689
0.000820718;0.00655198;0.424634;0.0643116;0.00577538;0.0930949;0.242327;0;0.224324;35-44;male;;2749
0.000894793;0.00626826;0.423572;0.0581698;0.0051678;0.100711;0.236421;0;0.20417;35-44;male;;2749
0.000894793;0.00626826;0.423572;0.0581698;0.0051678;0.100711;0.236421;0;0.20417;35-44;male;;2782
0.000945764;0.00606732;0.424528;0.0548841;0.00479329;0.10593;0.232726;0;0.195705;35-44;male;;2790
0.000945764;0.00606732;0.424528;0.0548841;0.00479329;0.10593;0.232726;0;0.195705;35-44;male;;2849
0.00105932;0.00571586;0.423492;0.0482899;0.00416238;0.117472;0.225289;0;0.174377;35-44;male;;2849
0.00105932;0.00571586;0.423492;0.0482899;0.00416238;0.117472;0.225289;0;0.174377;35-44;male;;2882
0.00108406;0.00565324;0.422971;0.0470047;0.00404322;0.119964;0.223795;0;0.16947;35-44;male;;2890
0.00108406;0.00565324;0.422971;0.0470047;0.00404322;0.119964;0.223795;0;0.16947;35-44;male;;2949
0.00121411;0.00528847;0.422614;0.0417106;0.00350074;0.133015;0.216652;0;0.15502;35-44;male;;2949
0.00121411;0.00528847;0.422614;0.0417106;0.00350074;0.133015;0.216652;0;0.15502;35-44;male;;2982
0.00133398;0.00506462;0.420482;0.0371761;0.00313153;0.145007;0.210898;0;0.137386;35-44;male;;2983
0.00133398;0.00506462;0.420482;0.0371761;0.00313153;0.145007;0.210898;0;0.137386;35-44;male;;3049
0.00145548;0.00481999;0.418454;0.033831;0.00279929;0.157072;0.205703;0;0.127559;35-44;male;;3049
0.00145548;0.00481999;0.418454;0.033831;0.00279929;0.157072;0.205703;0;0.127559;35-44;male;;3082
0.00145233;0.00484228;0.415768;0.0336869;0.00283972;0.156813;0.205834;0;0.125969;35-44;male;;3090
0.00145233;0.00484228;0.415768;0.0336869;0.00283972;0.156813;0.205834;0;0.125969;35-44;male;;3149
0.00145279;0.00483163;0.402034;0.0334204;0.00296571;0.156832;0.205804;0;0.127166;35-44;male;;3149
0.00145279;0.00483163;0.402034;0.0334204;0.00296571;0.156832;0.205804;0;0.127166;35-44;male;;3181
0.00153093;0.00470658;0.398105;0.0313357;0.00275842;0.164526;0.202747;0;0.11984;35-44;male;;3190
0.00153093;0.00470658;0.398105;0.0313357;0.00275842;0.164526;0.202747;0;0.11984;35-44;male;;3249
0.0015684;0.00465619;0.391613;0.0302199;0.0027242;0.168143;0.20135;0;0.115943;35-44;male;;3249
;7;6;3260;-48337166
0.0015684;0.00465619;0.391613;0.0302199;0.0027242;0.168143;0.20135;0;0.115943;35-44;male;;3283
0.00164134;0.00454842;0.389298;0.0287161;0.00257304;0.175418;0.198749;0;0.110596;35-44;male;;3290
0.00164134;0.00454842;0.389298;0.0287161;0.00257304;0.175418;0.198749;0;0.110596;35-44;male;;3314
0.00167732;0.00450467;0.375251;0.0276339;0.00261195;0.17898;0.197521;0;0.10744;35-44;male;;3329
0.00167732;0.00450467;0.375251;0.0276339;0.00261195;0.17898;0.197521;0;0.10744;35-44;male;;3381
0.00168298;0.00450731;0.371452;0.0273933;0.00264581;0.179618;0.197334;0;0.106179;35-44;male;;3381
0.00168298;0.00450731;0.371452;0.0273933;0.00264581;0.179618;0.197334;0;0.106179;35-44;male;;3449
0.00166073;0.00454554;0.378445;0.0278961;0.00265049;0.177376;0.198084;0;0.106954;35-44;male;;3449
0.00166073;0.00454554;0.378445;0.0278961;0.00265049;0.177376;0.198084;0;0.106954;35-44;male;;3481
0.00165295;0.00457246;0.377964;0.0278935;0.00267857;0.176608;0.198356;0;0.105958;35-44;male;;3490
0.00165295;0.00457246;0.377964;0.0278935;0.00267857;0.176608;0.198356;0;0.105958;35-44;male;;3549
0.00162116;0.00459754;0.401919;0.0291582;0.00256347;0.173381;0.199464;0;0.109633;35-44;male;;3549
0.00162116;0.00459754;0.401919;0.0291582;0.00256347;0.173381;0.199464;0;0.109633;35-44;male;;3581
0.00165994;0.00453403;0.402479;0.028418;0.00247192;0.177184;0.198122;0;0.107376;35-44;male;;3581
0.00165994;0.00453403;0.402479;0.028418;0.00247192;0.177184;0.198122;0;0.107376;35-44;male;;3649
0.00173297;0.00441137;0.408044;0.0272999;0.00228745;0.184335;0.195695;0;0.10423;35-44;male;;3649
0.00173297;0.00441137;0.408044;0.0272999;0.00228745;0.184335;0.195695;0;0.10423;35-44;male;;3681
0.00177775;0.00432365;0.412525;0.0268087;0.00217357;0.188767;0.194264;0;0.103802;35-44;male;;3689
0.00177775;0.00432365;0.412525;0.0268087;0.00217357;0.188767;0.194264;0;0.103802;35-44;male;;3749
0.00180319;0.00425449;0.416895;0.026795;0.00213349;0.191228;0.193472;0;0.105981;35-44;male;;3749
0.00180319;0.00425449;0.416895;0.026795;0.00213349;0.191228;0.193472;0;0.105981;35-44;male;;3781
0.00180198;0.00426264;0.415015;0.026749;0.0021451;0.191025;0.193506;0;0.105735;35-44;male;;3790
0.00180198;0.00426264;0.415015;0.026749;0.0021451;0.191025;0.193506;0;0.105735;35-44;male;;3849
0.00181431;0.00421007;0.416635;0.0268471;0.00212009;0.192357;0.193128;0;0.108292;35-44;male;;3849
0.00181431;0.00421007;0.416635;0.0268471;0.00212009;0.192357;0.193128;0;0.108292;35-44;male;;3881
0.00181561;0.00419476;0.416233;0.0269742;0.00210207;0.192462;0.193088;0;0.109911;35-44;male;;3882
0.00181561;0.00419476;0.416233;0.0269742;0.00210207;0.192462;0.193088;0;0.109911;35-44;male;;3949
0.0018164;0.00420569;0.414971;0.0268512;0.00207843;0.192433;0.193062;0;0.108955;35-44;male;;3949
0.0018164;0.00420569;0.414971;0.0268512;0.00207843;0.192433;0.193062;0;0.108955;35-44;male;;4017
0.00181492;0.00419795;0.415989;0.0269899;0.00206901;0.192294;0.193103;0;0.110081;35-44;male;;4017
0.00181492;0.00419795;0.415989;0.0269899;0.00206901;0.192294;0.193103;0;0.110081;35-44;male;;4049
0.0018092;0.00424548;0.412982;0.0266357;0.00209141;0.191915;0.193276;0;0.105667;35-44;male;;4057
0.0018092;0.00424548;0.412982;0.0266357;0.00209141;0.191915;0.193276;0;0.105667;35-44;male;;4117
0.00181091;0.00426723;0.413089;0.0264311;0.00209285;0.192031;0.193222;0;0.103549;35-44;male;;4117
0.00181091;0.00426723;0.413089;0.0264311;0.00209285;0.192031;0.193222;0;0.103549;35-44;male;;4150
0.00181026;0.00430954;0.413175;0.0261675;0.00208968;0.192114;0.19324;0;0.0997359;35-44;male;;4158
0.00181026;0.00430954;0.413175;0.0261675;0.00208968;0.192114;0.19324;0;0.0997359;35-44;male;;4217
0.00181357;0.00430616;0.412894;0.0263105;0.00208517;0.192834;0.193138;0;0.100051;35-44;male;;4217
0.00181357;0.00430616;0.412894;0.0263105;0.00208517;0.192834;0.193138;0;0.100051;35-44;male;;4253
0.00181499;0.004341;0.412771;0.0261287;0.00207672;0.193232;0.193095;0;0.0972188;35-44;male;;4253
0.00181499;0.004341;0.412771;0.0261287;0.00207672;0.193232;0.193095;0;0.0972188;35-44;male;;4317
0.00181447;0.00437112;0.416844;0.0259107;0.00205108;0.193241;0.19311;0;0.0945644;35-44;male;;4317
0.00181447;0.00437112;0.416844;0.0259107;0.00205108;0.193241;0.19311;0;0.0945644;35-44;male;;4352
0.00181706;0.00437425;0.419444;0.0258351;0.00202955;0.193517;0.193032;0;0.0940215;35-44;male;;4357
0.00181706;0.00437425;0.419444;0.0258351;0.00202955;0.193517;0.193032;0;0.0940215;35-44;male;;4383
0.00181895;0.00436977;0.419852;0.025715;0.00202601;0.193795;0.192975;0;0.0942622;35-44;male;;4398
0.00181895;0.00436977;0.419852;0.025715;0.00202601;0.193795;0.192975;0;0.0942622;35-44;male;;4449
0.00182338;0.00435823;0.421435;0.0258047;0.0020218;0.194339;0.19284;0;0.0941575;35-44;male;;4449
0.00182338;0.00435823;0.421435;0.0258047;0.0020218;0.194339;0.19284;0;0.0941575;35-44;male;;4517
0.00182439;0.00432583;0.421045;0.0260702;0.002022;0.194491;0.192811;0;0.0966918;35-44;male;;4517
0.00182439;0.00432583;0.421045;0.0260702;0.002022;0.194491;0.192811;0;0.0966918;35-44;male;;4551
0.00182599;0.00432767;0.420058;0.0258109;0.00202093;0.194558;0.192763;0;0.0956519;35-44;male;;4558
0.00182599;0.00432767;0.420058;0.0258109;0.00202093;0.194558;0.192763;0;0.0956519;35-44;male;;4583
0.00182652;0.00432723;0.421113;0.02579;0.00201655;0.194403;0.192748;0;0.0951353;35-44;male;;4598
0.00182652;0.00432723;0.421113;0.02579;0.00201655;0.194403;0.192748;0;0.0951353;35-44;male;;4649
0.00182598;0.00432057;0.421682;0.0258215;0.0020196;0.194218;0.192764;0;0.0952988;35-44;male;;4649
0.00182598;0.00432057;0.421682;0.0258215;0.0020196;0.194218;0.192764;0;0.0952988;35-44;male;;4717
0.00182589;0.00429585;0.420619;0.0261378;0.00202087;0.194074;0.192767;0;0.0982476;35-44;male;;4717
0.00182589;0.00429585;0.420619;0.0261378;0.00202087;0.194074;0.192767;0;0.0982476;35-44;male;;4751
0.00182607;0.00429223;0.41837;0.0260137;0.00203038;0.193998;0.192763;0;0.0980696;35-44;male;;4758
0.00182607;0.00429223;0.41837;0.0260137;0.00203038;0.193998;0.192763;0;0.0980696;35-44;male;;4782
0.00182627;0.00428198;0.416591;0.0259884;0.0020409;0.194091;0.192757;0;0.0983705;35-44;male;;4798
0.00182627;0.00428198;0.416591;0.0259884;0.0020409;0.194091;0.192757;0;0.0983705;35-44;male;;4849
0.00182538;0.00431289;0.412543;0.0256735;0.00206422;0.193869;0.192783;0;0.0958578;35-44;male;;4849
0.00182538;0.00431289;0.412543;0.0256735;0.00206422;0.193869;0.192783;0;0.0958578;35-44;male;;4917
0.00182565;0.00433453;0.407677;0.0253621;0.00209007;0.193733;0.192775;0;0.093984;35-44;male;;4917
0.00182565;0.00433453;0.407677;0.0253621;0.00209007;0.193733;0.192775;0;0.093984;35-44;male;;4950
0.00182568;0.00432882;0.405592;0.0254114;0.00210351;0.193737;0.192775;0;0.0947635;35-44;male;;4958
0.00182568;0.00432882;0.405592;0.0254114;0.00210351;0.193737;0.192775;0;0.0947635;35-44;male;;5017
0.00182617;0.00436177;0.395083;0.0248513;0.00216215;0.193778;0.192761;0;0.0981105;35-44;male;;5018
0.00182617;0.00436177;0.395083;0.0248513;0.00216215;0.193778;0.192761;0;0.0981105;35-44;male;;5081
0.00182566;0.00436739;0.402482;0.0250173;0.00213379;0.193632;0.192777;0;0.103532;35-44;male;;5081
0.00182566;0.00436739;0.402482;0.0250173;0.00213379;0.193632;0.192777;0;0.103532;35-44;male;;5149
0.00182496;0.00436125;0.405064;0.0251091;0.00213458;0.193557;0.192799;0;0.10897;35-44;male;;5149
0.00182496;0.00436125;0.405064;0.0251091;0.00213458;0.193557;0.192799;0;0.10897;35-44;male;;5217
0.00182411;0.0043676;0.404228;0.0250503;0.00214087;0.193421;0.192825;0;0.111214;35-44;male;;5217
0.00182411;0.0043676;0.404228;0.0250503;0.00214087;0.193421;0.192825;0;0.111214;35-44;male;;5251
0.00182091;0.00438312;0.404212;0.0249708;0.00215524;0.193139;0.192924;0;0.112413;35-44;male;;5257
0.00182091;0.00438312;0.404212;0.0249708;0.00215524;0.193139;0.192924;0;0.112413;35-44;male;;5282
0.00181602;0.00437811;0.410422;0.0251647;0.00214798;0.192835;0.193073;0;0.106207;35-44;male;;5298
0.00181602;0.00437811;0.410422;0.0251647;0.00214798;0.192835;0.193073;0;0.106207;35-44;male;;5349
0.00180918;0.00437979;0.409387;0.0253329;0.00215375;0.192069;0.193283;0;0.102478;35-44;male;;5349
0.00180918;0.00437979;0.409387;0.0253329;0.00215375;0.192069;0.193283;0;0.102478;35-44;male;;5417
0.00178473;0.00440551;0.413319;0.025833;0.00223488;0.189713;0.19404;0;0.10277;35-44;male;;5417
0.00178473;0.00440551;0.413319;0.025833;0.00223488;0.189713;0.19404;0;0.10277;35-44;male;;5450
0.00177268;0.00442899;0.413581;0.0259523;0.00227166;0.188594;0.19442;0;0.101914;35-44;male;;5457
0.00177268;0.00442899;0.413581;0.0259523;0.00227166;0.188594;0.19442;0;0.101914;35-44;male;;5517
0.00171569;0.00451271;0.417205;0.0269737;0.00234909;0.183129;0.196265;0;0.0990726;35-44;male;;5517
0.00171569;0.00451271;0.417205;0.0269737;0.00234909;0.183129;0.196265;0;0.0990726;35-44;male;;5585
0.00165115;0.00459122;0.415424;0.0283137;0.00247678;0.176728;0.198419;0;0.104707;35-44;male;;5586
0.00165115;0.00459122;0.415424;0.0283137;0.00247678;0.176728;0.198419;0;0.104707;35-44;male;;5617
0.00156988;0.00468525;0.414054;0.0302447;0.00268111;0.168736;0.201302;0;0.112037;35-44;male;;5626
0.00156988;0.00468525;0.414054;0.0302447;0.00268111;0.168736;0.201302;0;0.112037;35-44;male;;5685
0.00159009;0.00465145;0.409383;0.0297899;0.00268483;0.170712;0.200578;0;0.111604;35-44;male;;5685
0.00159009;0.00465145;0.409383;0.0297899;0.00268483;0.170712;0.200578;0;0.111604;35-44;male;;5718
0.00160651;0.004665;0.412275;0.0292611;0.00257995;0.172489;0.199989;0;0.106393;35-44;male;;5718
0.00160651;0.004665;0.412275;0.0292611;0.00257995;0.172489;0.199989;0;0.106393;35-44;male;;5785
0.00158992;0.00468842;0.415299;0.0297434;0.00258911;0.17084;0.200576;0;0.107706;35-44;male;;5785
0.00158992;0.00468842;0.415299;0.0297434;0.00258911;0.17084;0.200576;0;0.107706;35-44;male;;5818
0.00155684;0.00475816;0.414661;0.0303493;0.00265858;0.16757;0.201788;0;0.111649;35-44;male;;5826
0.00155684;0.00475816;0.414661;0.0303493;0.00265858;0.16757;0.201788;0;0.111649;35-44;male;;5887
0.00148507;0.00487746;0.419003;0.0322222;0.00278192;0.160474;0.204532;0;0.114055;35-44;male;;5887
;8;2;5887;48343053
0.00148507;0.00487746;0.419003;0.0322222;0.00278192;0.160474;0.204532;0;0.114055;35-44;male;;5918
0.00142271;0.00497651;0.419463;0.034023;0.0028855;0.154377;0.207055;0;0.120628;35-44;male;;5927
0.00142271;0.00497651;0.419463;0.034023;0.0028855;0.154377;0.207055;0;0.120628;35-44;male;;5985
0.00134953;0.00511222;0.421393;0.036287;0.00304323;0.147161;0.210201;0;0.127762;35-44;male;;5985
0.00134953;0.00511222;0.421393;0.036287;0.00304323;0.147161;0.210201;0;0.127762;35-44;male;;6018
0.00136532;0.00506906;0.422323;0.0358428;0.00298892;0.148548;0.2095;0;0.127553;35-44;male;;6018
0.00136532;0.00506906;0.422323;0.0358428;0.00298892;0.148548;0.2095;0;0.127553;35-44;male;;6085
0.00137031;0.0050645;0.425432;0.0356638;0.00297068;0.14908;0.209283;0;0.126736;35-44;male;;6085
0.00137031;0.0050645;0.425432;0.0356638;0.00297068;0.14908;0.209283;0;0.126736;35-44;male;;6118
0.0014251;0.00497218;0.42681;0.0342122;0.0027949;0.15468;0.20695;0;0.12122;35-44;male;;6126
0.0014251;0.00497218;0.42681;0.0342122;0.0027949;0.15468;0.20695;0;0.12122;35-44;male;;6185
0.00144708;0.00492012;0.422382;0.0339332;0.00272078;0.156955;0.206044;0;0.121084;35-44;male;;6185
0.00144708;0.00492012;0.422382;0.0339332;0.00272078;0.156955;0.206044;0;0.121084;35-44;male;;6218
0.00149922;0.00482404;0.423029;0.0327717;0.00258591;0.1621;0.203965;0;0.117801;35-44;male;;6218
0.00149922;0.00482404;0.423029;0.0327717;0.00258591;0.1621;0.203965;0;0.117801;35-44;male;;6285
0.00155987;0.00473482;0.423048;0.0310941;0.00247298;0.16783;0.201661;0;0.111944;35-44;male;;6285
0.00155987;0.00473482;0.423048;0.0310941;0.00247298;0.16783;0.201661;0;0.111944;35-44;male;;6317
0.00160129;0.00466778;0.423391;0.0303723;0.00239701;0.171981;0.200153;0;0.109931;35-44;male;;6326
0.00160129;0.00466778;0.423391;0.0303723;0.00239701;0.171981;0.200153;0;0.109931;35-44;male;;6385
0.00163297;0.00464917;0.422238;0.0295624;0.00233001;0.175202;0.199029;0;0.105364;35-44;male;;6385
0.00163297;0.00464917;0.422238;0.0295624;0.00233001;0.175202;0.199029;0;0.105364;35-44;male;;6418
0.00165892;0.00462082;0.42246;0.0289901;0.00227986;0.177785;0.19813;0;0.102745;35-44;male;;6426
0.00165892;0.00462082;0.42246;0.0289901;0.00227986;0.177785;0.19813;0;0.102745;35-44;male;;6485
0.00168713;0.00459059;0.423342;0.0285853;0.00222452;0.180783;0.197176;0;0.100743;35-44;male;;6485
0.00168713;0.00459059;0.423342;0.0285853;0.00222452;0.180783;0.197176;0;0.100743;35-44;male;;6518
0.00168238;0.00460496;0.422591;0.0285236;0.00224742;0.180223;0.197337;0;0.100253;35-44;male;;6519
0.00168238;0.00460496;0.422591;0.0285236;0.00224742;0.180223;0.197337;0;0.100253;35-44;male;;6585
0.00170666;0.00458948;0.423602;0.0283443;0.00219504;0.183162;0.196524;0;0.0983252;35-44;male;;6585
0.00170666;0.00458948;0.423602;0.0283443;0.00219504;0.183162;0.196524;0;0.0983252;35-44;male;;6621
0.00172557;0.0045543;0.422581;0.0280609;0.00217295;0.184964;0.195901;0;0.0979494;35-44;male;;6626
0.00172557;0.0045543;0.422581;0.0280609;0.00217295;0.184964;0.195901;0;0.0979494;35-44;male;;6649
0.00176223;0.00451182;0.421605;0.0271861;0.00213191;0.188312;0.194725;0;0.0947959;35-44;male;;6666
0.00176223;0.00451182;0.421605;0.0271861;0.00213191;0.188312;0.194725;0;0.0947959;35-44;male;;6717
0.00176364;0.00450877;0.420146;0.0272555;0.00212435;0.188632;0.194679;0;0.0951789;35-44;male;;6717
0.00176364;0.00450877;0.420146;0.0272555;0.00212435;0.188632;0.194679;0;0.0951789;35-44;male;;6786
0.00174982;0.00455919;0.420737;0.0276579;0.00213124;0.187906;0.195117;0;0.0943363;35-44;male;;6786
0.00174982;0.00455919;0.420737;0.0276579;0.00213124;0.187906;0.195117;0;0.0943363;35-44;male;;6849
0.00173141;0.00458154;0.421035;0.0280402;0.0021437;0.186124;0.19571;0;0.0956286;35-44;male;;6849
0.00173141;0.00458154;0.421035;0.0280402;0.0021437;0.186124;0.19571;0;0.0956286;35-44;male;;6917
0.00174031;0.00457057;0.422654;0.0278908;0.00211113;0.18723;0.195427;0;0.0953519;35-44;male;;6917
0.00174031;0.00457057;0.422654;0.0278908;0.00211113;0.18723;0.195427;0;0.0953519;35-44;male;;6985
0.00175333;0.00458403;0.42617;0.0275472;0.00206809;0.188819;0.195016;0;0.09246;35-44;male;;6986
0.00175333;0.00458403;0.42617;0.0275472;0.00206809;0.188819;0.195016;0;0.09246;35-44;male;;7053
0.00175968;0.00460072;0.425238;0.0279917;0.00201932;0.190674;0.194822;0;0.0918767;35-44;male;;7053
0.00175968;0.00460072;0.425238;0.0279917;0.00201932;0.190674;0.194822;0;0.0918767;35-44;male;;7086
0.0017888;0.00457515;0.424896;0.027804;0.00196397;0.194241;0.193916;0;0.0902538;35-44;male;;7094
0.0017888;0.00457515;0.424896;0.027804;0.00196397;0.194241;0.193916;0;0.0902538;35-44;male;;7153
0.00180244;0.00458843;0.425372;0.0287979;0.00190601;0.197945;0.193539;0;0.0906794;35-44;male;;7154
0.00180244;0.00458843;0.425372;0.0287979;0.00190601;0.197945;0.193539;0;0.0906794;35-44;male;;7186
0.001814;0.00467015;0.426455;0.0309528;0.0018164;0.204273;0.1933;0;0.0903603;35-44;male;;7195
0.001814;0.00467015;0.426455;0.0309528;0.0018164;0.204273;0.1933;0;0.0903603;35-44;male;;7253
0.00182707;0.00469847;0.427927;0.0323004;0.00176059;0.20901;0.193065;0;0.091296;35-44;male;;7253
0.00182707;0.00469847;0.427927;0.0323004;0.00176059;0.20901;0.193065;0;0.091296;35-44;male;;7286
0.00183216;0.00464464;0.427772;0.0320113;0.00176662;0.208687;0.192902;0;0.0933479;35-44;male;;7286
0.00183216;0.00464464;0.427772;0.0320113;0.00176662;0.208687;0.192902;0;0.0933479;35-44;male;;7353
0.0018398;0.00474777;0.429289;0.0355367;0.00166725;0.216948;0.192845;0;0.0946465;35-44;male;;7353
0.0018398;0.00474777;0.429289;0.0355367;0.00166725;0.216948;0.192845;0;0.0946465;35-44;male;;7386
0.00184447;0.0047603;0.429989;0.0383812;0.00161195;0.222123;0.19278;0;0.0992117;35-44;male;;7394
0.00184447;0.0047603;0.429989;0.0383812;0.00161195;0.222123;0.19278;0;0.0992117;35-44;male;;7453
0.0018448;0.00478716;0.429647;0.0422147;0.0015495;0.227167;0.192721;0;0.104613;35-44;male;;7453
0.0018448;0.00478716;0.429647;0.0422147;0.0015495;0.227167;0.192721;0;0.104613;35-44;male;;7487
0.0018431;0.00472049;0.429029;0.0418083;0.00156632;0.225629;0.192691;0;0.107153;35-44;male;;7487
0.0018431;0.00472049;0.429029;0.0418083;0.00156632;0.225629;0.192691;0;0.107153;35-44;male;;7520
0.00183837;0.00477323;0.427883;0.0442016;0.00152956;0.228446;0.192692;0;0.106616;35-44;male;;7520
0.00183837;0.00477323;0.427883;0.0442016;0.00152956;0.228446;0.192692;0;0.106616;35-44;male;;7585
0.00183447;0.00471172;0.426983;0.0431408;0.00155723;0.225731;0.192714;0;0.108201;35-44;male;;7585
0.00183447;0.00471172;0.426983;0.0431408;0.00155723;0.225731;0.192714;0;0.108201;35-44;male;;7653
0.00183519;0.00469111;0.427135;0.0413309;0.00158308;0.223743;0.192722;0;0.105815;35-44;male;;7653
0.00183519;0.00469111;0.427135;0.0413309;0.00158308;0.223743;0.192722;0;0.105815;35-44;male;;7686
0.00183395;0.00456912;0.427015;0.0363698;0.00168345;0.215758;0.192748;0;0.103467;35-44;male;;7694
0.00183395;0.00456912;0.427015;0.0363698;0.00168345;0.215758;0.192748;0;0.103467;35-44;male;;7753
0.00183472;0.00448005;0.427481;0.034162;0.00173923;0.212143;0.192795;0;0.105088;35-44;male;;7753
0.00183472;0.00448005;0.427481;0.034162;0.00173923;0.212143;0.192795;0;0.105088;35-44;male;;7787
0.00183112;0.00447989;0.427066;0.0345786;0.00173672;0.212448;0.192884;0;0.105902;35-44;male;;7787
0.00183112;0.00447989;0.427066;0.0345786;0.00173672;0.212448;0.192884;0;0.105902;35-44;male;;7817
0.00183109;0.00441892;0.427048;0.0354269;0.00172747;0.213714;0.19286;0;0.110538;35-44;male;;7818
0.00183109;0.00441892;0.427048;0.0354269;0.00172747;0.213714;0.19286;0;0.110538;35-44;male;;7889
0.00183073;0.00435485;0.426122;0.0330801;0.00178028;0.209554;0.192769;0;0.108261;35-44;male;;7889
0.00183073;0.00435485;0.426122;0.0330801;0.00178028;0.209554;0.192769;0;0.108261;35-44;male;;7917
0.00182881;0.00434014;0.425551;0.0318811;0.00180865;0.207272;0.192772;0;0.106135;35-44;male;;7929
0.00182881;0.00434014;0.425551;0.0318811;0.00180865;0.207272;0.192772;0;0.106135;35-44;male;;7985
0.00182848;0.00430077;0.425534;0.0319796;0.00181446;0.207388;0.19279;0;0.108068;35-44;male;;7985
0.00182848;0.00430077;0.425534;0.0319796;0.00181446;0.207388;0.19279;0;0.108068;35-44;male;;8053
0.00182905;0.0042922;0.425203;0.0312191;0.001834;0.206169;0.192775;0;0.106517;35-44;male;;8053
0.00182905;0.0042922;0.425203;0.0312191;0.001834;0.206169;0.192775;0;0.106517;35-44;male;;8087
0.00182862;0.00431102;0.426291;0.031781;0.00182483;0.206188;0.192841;0;0.108772;35-44;male;;8094
0.00182862;0.00431102;0.426291;0.031781;0.00182483;0.206188;0.192841;0;0.108772;35-44;male;;8119
0.00183116;0.0043381;0.427952;0.0328381;0.00180217;0.207908;0.192908;0;0.11126;35-44;male;;8134
0.00183116;0.0043381;0.427952;0.0328381;0.00180217;0.207908;0.192908;0;0.11126;35-44;male;;8185
0.00182573;0.00448276;0.426728;0.0358762;0.00172348;0.211974;0.192924;0;0.10903;35-44;male;;8185
0.00182573;0.00448276;0.426728;0.0358762;0.00172348;0.211974;0.192924;0;0.10903;35-44;male;;8254
0.00182544;0.00444196;0.425033;0.0351498;0.00174829;0.209814;0.192872;0;0.110923;35-44;male;;8254
0.00182544;0.00444196;0.425033;0.0351498;0.00174829;0.209814;0.192872;0;0.110923;35-44;male;;8286
0.0018214;0.00443159;0.424777;0.0352761;0.00175513;0.208857;0.192947;0;0.112617;35-44;male;;8294
0.0018214;0.00443159;0.424777;0.0352761;0.00175513;0.208857;0.192947;0;0.112617;35-44;male;;8353
0.00181526;0.00438693;0.42411;0.0357711;0.00176629;0.208085;0.193111;0;0.117519;35-44;male;;8353
0.00181526;0.00438693;0.42411;0.0357711;0.00176629;0.208085;0.193111;0;0.117519;35-44;male;;8386
0.00180493;0.00433214;0.424021;0.0350466;0.00181244;0.20472;0.193425;0;0.121562;35-44;male;;8386
0.00180493;0.00433214;0.424021;0.0350466;0.00181244;0.20472;0.193425;0;0.121562;35-44;male;;8453
0.00179015;0.00423143;0.422446;0.0345666;0.00188457;0.20071;0.193887;0;0.130916;35-44;male;;8453
0.00179015;0.00423143;0.422446;0.0345666;0.00188457;0.20071;0.193887;0;0.130916;35-44;male;;8486
0.00177195;0.00423729;0.421323;0.0344513;0.00192803;0.198284;0.194446;0;0.131748;35-44;male;;8494
0.00177195;0.00423729;0.421323;0.0344513;0.00192803;0.198284;0.194446;0;0.131748;35-44;male;;8553
0.00175221;0.00409414;0.418938;0.034434;0.00202721;0.192942;0.19506;0;0.150227;35-44;male;;8553
0.00175221;0.00409414;0.418938;0.034434;0.00202721;0.192942;0.19506;0;0.150227;35-44;male;;8621
0.00172012;0.00399302;0.413672;0.0359707;0.00214136;0.188753;0.196089;0;0.17379;35-44;male;;8621
0.00172012;0.00399302;0.413672;0.0359707;0.00214136;0.188753;0.196089;0;0.17379;35-44;male;;8654
0.00168924;0.00386155;0.410049;0.038682;0.00222933;0.185244;0.197106;0;0.211265;35-44;male;;8662
0.00168924;0.00386155;0.410049;0.038682;0.00222933;0.185244;0.197106;0;0.211265;35-44;male;;8721
0.00168775;0.00372189;0.401708;0.0394466;0.0023227;0.184073;0.197156;0;0.241393;35-44;male;;8721
0.00168775;0.00372189;0.401708;0.0394466;0.0023227;0.184073;0.197156;0;0.241393;35-44;male;;8753
0.00164117;0.00382041;0.407409;0.0404387;0.0023634;0.179563;0.198743;0;0.238188;35-44;male;;8754
0.00164117;0.00382041;0.407409;0.0404387;0.0023634;0.179563;0.198743;0;0.238188;35-44;male;;8821
0.00159488;0.00396451;0.403026;0.0405672;0.0024759;0.174652;0.200379;0;0.22737;35-44;male;;8821
0.00159488;0.00396451;0.403026;0.0405672;0.0024759;0.174652;0.200379;0;0.22737;35-44;male;;8854
0.00151578;0.00423562;0.399092;0.0417499;0.00262589;0.167589;0.203318;0;0.20978;35-44;male;;8862
0.00151578;0.00423562;0.399092;0.0417499;0.00262589;0.167589;0.203318;0;0.20978;35-44;male;;8921
0.00127949;0.00429318;0.399314;0.0584084;0.00324303;0.1446;0.213413;-1.3121;0.354877;35-44;male;;8922
0.00127949;0.00429318;0.399314;0.0584084;0.00324303;0.1446;0.213413;-1.3121;0.354877;35-44;male;;8954
0.00109921;0.00436974;0.40459;0.0797194;0.003854;0.127018;0.222887;-5.51447;0.558467;35-44;male;;8962
0.00109921;0.00436974;0.40459;0.0797194;0.003854;0.127018;0.222887;-5.51447;0.558467;35-44;male;;9022
0.000938259;0.00458392;0.40746;0.101334;0.00470175;0.109978;0.233211;-8.11272;0.770094;35-44;male;;9022
0.000938259;0.00458392;0.40746;0.101334;0.00470175;0.109978;0.233211;-8.11272;0.770094;35-44;male;;9055
0.000752236;0.0049648;0.410897;0.133324;0.00614094;0.0892651;0.248419;-10.15;1.0938;35-44;male;;9062
0.000752236;0.0049648;0.410897;0.133324;0.00614094;0.0892651;0.248419;-10.15;1.0938;35-44;male;;9122
0.000757214;0.00515492;0.411501;0.134848;0.00585927;0.09157;0.247983;-9.13624;0.971102;35-44;male;;9122
0.000757214;0.00515492;0.411501;0.134848;0.00585927;0.09157;0.247983;-9.13624;0.971102;35-44;male;;9157
0.000516165;0.00643413;0.417973;0.20006;0.00940086;0.0643949;0.276713;-9.50853;1.29759;35-44;male;;9163
;3;6;9166;-48333887
0.000516165;0.00643413;0.417973;0.20006;0.00940086;0.0643949;0.276713;-9.50853;1.29759;35-44;male;;9187
0.000230929;0.00946911;0.419925;0.497793;0.0265226;0.0305633;0.348173;-14.1272;3.24045;35-44;male;;9202
0.000230929;0.00946911;0.419925;0.497793;0.0265226;0.0305633;0.348173;-14.1272;3.24045;35-44;male;;9253
0.000128026;0.0128575;0.422996;0.964628;0.055633;0.017818;0.412071;-16.7664;5.8259;35-44;male;;9253
0.000128026;0.0128575;0.422996;0.964628;0.055633;0.017818;0.412071;-16.7664;5.8259;35-44;male;;9321
8.82924e-05;0.0156025;0.42478;1.49397;0.0885169;0.0127503;0.458221;-18.8842;8.51581;35-44;male;;9321
8.82924e-05;0.0156025;0.42478;1.49397;0.0885169;0.0127503;0.458221;-18.8842;8.51581;35-44;male;;9353
6.97128e-05;0.017838;0.426799;1.88749;0.120357;0.0102185;0.490091;-19.3046;10.1238;35-44;male;;9362
6.97128e-05;0.017838;0.426799;1.88749;0.120357;0.0102185;0.490091;-19.3046;10.1238;35-44;male;;9421
7.2289e-05;0.017547;0.428549;1.70831;0.117137;0.0104119;0.485057;-18.4176;9.3848;35-44;male;;9421
7.2289e-05;0.017547;0.428549;1.70831;0.117137;0.0104119;0.485057;-18.4176;9.3848;35-44;male;;9454
9.21385e-05;0.0160399;0.427097;1.2059;0.0866035;0.0128978;0.452577;-15.1881;6.35363;35-44;male;;9462
9.21385e-05;0.0160399;0.427097;1.2059;0.0866035;0.0128978;0.452577;-15.1881;6.35363;35-44;male;;9522
0.000129729;0.0137827;0.426119;0.784589;0.0560181;0.0175807;0.410407;-12.1618;4.04879;35-44;male;;9523
0.000129729;0.0137827;0.426119;0.784589;0.0560181;0.0175807;0.410407;-12.1618;4.04879;35-44;male;;9554
0.000158677;0.0124028;0.426164;0.623478;0.0433829;0.0211169;0.387535;-11.1646;3.30891;35-44;male;;9563
0.000158677;0.0124028;0.426164;0.623478;0.0433829;0.0211169;0.387535;-11.1646;3.30891;35-44;male;;9621
0.000138758;0.0134479;0.424435;0.716686;0.051539;0.0186921;0.402602;-11.3409;3.62768;35-44;male;;9621
0.000138758;0.0134479;0.424435;0.716686;0.051539;0.0186921;0.402602;-11.3409;3.62768;35-44;male;;9654
0.00015032;0.0132704;0.424178;0.620998;0.04664;0.0200631;0.393471;-9.43552;2.94542;35-44;male;;9654
0.00015032;0.0132704;0.424178;0.620998;0.04664;0.0200631;0.393471;-9.43552;2.94542;35-44;male;;9721
0.000149504;0.0139641;0.420636;0.573609;0.0474256;0.0198998;0.394038;-7.08395;2.40652;35-44;male;;9721
0.000149504;0.0139641;0.420636;0.573609;0.0474256;0.0198998;0.394038;-7.08395;2.40652;35-44;male;;9754
0.000286716;0.010141;0.420523;0.265664;0.0207948;0.0360619;0.327191;-2.97386;1.13046;35-44;male;;9762
0.000286716;0.010141;0.420523;0.265664;0.0207948;0.0360619;0.327191;-2.97386;1.13046;35-44;male;;9821
0.000568844;0.00708059;0.420742;0.120132;0.00889202;0.0671393;0.269035;0;0.551564;35-44;male;;9821
0.000568844;0.00708059;0.420742;0.120132;0.00889202;0.0671393;0.269035;0;0.551564;35-44;male;;9854
0.0010247;0.00515441;0.420703;0.0627338;0.00420529;0.115094;0.227387;0;0.312783;35-44;male;;9854
0.0010247;0.00515441;0.420703;0.0627338;0.00420529;0.115094;0.227387;0;0.312783;35-44;male;;9921
0.00132725;0.00424735;0.420859;0.0505668;0.00301152;0.145592;0.211179;0;0.30373;35-44;male;;9921
0.00132725;0.00424735;0.420859;0.0505668;0.00301152;0.145592;0.211179;0;0.30373;35-44;male;;9953
0.00149846;0.0041705;0.420392;0.0413581;0.00259414;0.16276;0.203979;0;0.221778;35-44;male;;9962
0.00149846;0.0041705;0.420392;0.0413581;0.00259414;0.16276;0.203979;0;0.221778;35-44;male;;10021
0.00167574;0.00400561;0.420019;0.0353799;0.00224624;0.18036;0.197566;0;0.182473;35-44;male;;10021
0.00167574;0.00400561;0.420019;0.0353799;0.00224624;0.18036;0.197566;0;0.182473;35-44;male;;10089
0.00175102;0.00392469;0.420581;0.0332991;0.00211276;0.187404;0.195096;0;0.172656;35-44;male;;10089
0.00175102;0.00392469;0.420581;0.0332991;0.00211276;0.187404;0.195096;0;0.172656;35-44;male;;10123
0.0017814;0.0038112;0.421618;0.0339705;0.00205263;0.190775;0.194143;0;0.186992;35-44;male;;10129
0.0017814;0.0038112;0.421618;0.0339705;0.00205263;0.190775;0.194143;0;0.186992;35-44;male;;10154
0.00180693;0.0037112;0.42372;0.034576;0.00199399;0.193481;0.193358;0;0.201115;35-44;male;;10169
0.00180693;0.0037112;0.42372;0.034576;0.00199399;0.193481;0.193358;0;0.201115;35-44;male;;10221
0.00181678;0.00384547;0.424667;0.0331847;0.00195602;0.195486;0.193083;0;0.173577;35-44;male;;10221
0.00181678;0.00384547;0.424667;0.0331847;0.00195602;0.195486;0.193083;0;0.173577;35-44;male;;10289
0.00182459;0.00389696;0.425988;0.0328233;0.00193589;0.197303;0.193012;0;0.165923;35-44;male;;10289
0.00182459;0.00389696;0.425988;0.0328233;0.00193589;0.197303;0.193012;0;0.165923;35-44;male;;10322
0.001852;0.00398951;0.432181;0.0315958;0.00192975;0.202402;0.192925;0;0.152622;35-44;male;;10330
0.001852;0.00398951;0.432181;0.0315958;0.00192975;0.202402;0.192925;0;0.152622;35-44;male;;10389
0.001927;0.0040593;0.449589;0.0294466;0.00204981;0.214756;0.192893;0;0.144012;35-44;male;;10389
0.001927;0.0040593;0.449589;0.0294466;0.00204981;0.214756;0.192893;0;0.144012;35-44;male;;10423
0.00195555;0.00415091;0.456761;0.0293898;0.00205004;0.221797;0.192873;0;0.136669;35-44;male;;10424
0.00195555;0.00415091;0.456761;0.0293898;0.00205004;0.221797;0.192873;0;0.136669;35-44;male;;10454
0.00213463;0.00420819;0.498422;0.0247;0.00239523;0.250481;0.192844;0;0.147117;35-44;male;;10454
0.00213463;0.00420819;0.498422;0.0247;0.00239523;0.250481;0.192844;0;0.147117;35-44;male;;10522
0.00223393;0.00427375;0.522929;0.0226293;0.00258311;0.267616;0.192842;0;0.17578;35-44;male;;10522
0.00223393;0.00427375;0.522929;0.0226293;0.00258311;0.267616;0.192842;0;0.17578;35-44;male;;10591
0.00277628;0.00437589;0.649306;0.0158666;0.00370932;0.36656;0.192819;0;0.41134;35-44;male;;10591
0.00277628;0.00437589;0.649306;0.0158666;0.00370932;0.36656;0.192819;0;0.41134;35-44;male;;10621
0.00267647;0.00437847;0.623175;0.0161159;0.00353768;0.344696;0.192774;0;0.354627;35-44;male;;10631
0.00267647;0.00437847;0.623175;0.0161159;0.00353768;0.344696;0.192774;0;0.354627;35-44;male;;10689
0.00343977;0.00431148;0.795284;0.00961095;0.00578203;0.477929;0.19273;0;0.940682;35-44;male;;10689
0.00343977;0.00431148;0.795284;0.00961095;0.00578203;0.477929;0.19273;0;0.940682;35-44;male;;10722
0.00311709;0.00424682;0.721376;0.0115998;0.00483244;0.417053;0.19271;0;0.639462;35-44;male;;10722
0.00311709;0.00424682;0.721376;0.0115998;0.00483244;0.417053;0.19271;0;0.639462;35-44;male;;10791
0.00332987;0.00416777;0.770363;0.0101703;0.0055293;0.453452;0.192708;0;0.827274;35-44;male;;10791
0.00332987;0.00416777;0.770363;0.0101703;0.0055293;0.453452;0.192708;0;0.827274;35-44;male;;10821
0.00302069;0.00418585;0.697927;0.0118976;0.00463086;0.396293;0.192702;0;0.565033;35-44;male;;10832
0.00302069;0.00418585;0.697927;0.0118976;0.00463086;0.396293;0.192702;0;0.565033;35-44;male;;10889
0.00298837;0.00417884;0.690559;0.0116878;0.00459905;0.388167;0.192714;0;0.541964;35-44;male;;10889
0.00298837;0.00417884;0.690559;0.0116878;0.00459905;0.388167;0.192714;0;0.541964;35-44;male;;10922
0.00258413;0.00424502;0.597253;0.0145827;0.00355726;0.31664;0.192725;0;0.30691;35-44;male;;10922
0.00258413;0.00424502;0.597253;0.0145827;0.00355726;0.31664;0.192725;0;0.30691;35-44;male;;10990
0.00230787;0.00421807;0.534067;0.017785;0.00292305;0.269717;0.192734;0;0.196974;35-44;male;;10991
0.00230787;0.00421807;0.534067;0.017785;0.00292305;0.269717;0.192734;0;0.196974;35-44;male;;11023
0.00258712;0.00426765;0.598731;0.0143885;0.00361957;0.315028;0.192772;0;0.308924;35-44;male;;11031
0.00258712;0.00426765;0.598731;0.0143885;0.00361957;0.315028;0.192772;0;0.308924;35-44;male;;11089
0.00269682;0.0042896;0.625529;0.0131015;0.00393799;0.333093;0.192884;0;0.366111;35-44;male;;11089
0.00269682;0.0042896;0.625529;0.0131015;0.00393799;0.333093;0.192884;0;0.366111;35-44;male;;11121
0.00269426;0.00426055;0.624732;0.0130204;0.00396141;0.331671;0.192916;0;0.365421;35-44;male;;11122
0.00269426;0.00426055;0.624732;0.0130204;0.00396141;0.331671;0.192916;0;0.365421;35-44;male;;11189
0.00330727;0.00426162;0.781842;0.00893011;0.00580669;0.439528;0.193083;0;0.828403;35-44;male;;11189
0.00330727;0.00426162;0.781842;0.00893011;0.00580669;0.439528;0.193083;0;0.828403;35-44;male;;11253
0.00386251;0.0042462;0.941208;0.00648585;0.00775186;0.543209;0.193127;0;1.55167;35-44;male;;11253
0.00386251;0.0042462;0.941208;0.00648585;0.00775186;0.543209;0.193127;0;1.55167;35-44;male;;11321
0.00401616;0.00424816;0.983389;0.00588942;0.0083875;0.57229;0.193188;0;1.81844;35-44;male;;11321
0.00401616;0.00424816;0.983389;0.00588942;0.0083875;0.57229;0.193188;0;1.81844;35-44;male;;11389
0.00452194;0.00425181;1.11975;0.00465775;0.010464;0.672652;0.193211;0;2.88889;35-44;male;;11389
0.00452194;0.00425181;1.11975;0.00465775;0.010464;0.672652;0.193211;0;2.88889;35-44;male;;11421
0.00509566;0.00424393;1.22215;0.00381938;0.0130135;0.791668;0.193166;0;4.45052;35-44;male;;11429
0.00509566;0.00424393;1.22215;0.00381938;0.0130135;0.791668;0.193166;0;4.45052;35-44;male;;11489
0.00691878;0.00423394;1.67229;0.00222482;0.0226936;1.20204;0.193157;0;13.4954;35-44;male;;11489
0.00691878;0.00423394;1.67229;0.00222482;0.0226936;1.20204;0.193157;0;13.4954;35-44;male;;11558
